$ANSIBLE_VAULT;1.1;AES256
33393135616166323965613830636136636338383830326561383836376232343361666238393638
6265356532333734393136336265373232343037336639360a633931313637386666303266346565
64386332666336306464333365353930356539613034613464363766633636373330623532663733
6163633262333565390a653036303739646539616139633535383161343730646235643630323935
30643766353637616234376666656261373563326537366664383165356565303862636564623861
38363637396465363937623139393831396638643463313432343766343765643933336436323234
65666338396336303264323936616463636330313132336230303962343761326332313932363334
37653665316333326561376464643733353536333964623630656338346564616634646232343362
35356431393065646466303264343865623132623438366534613562383132333731373337336332
38623338636565626630396236323534353465343632633862366565373539346530663637393133
33333634636262316564656563326162353730373935393637656233373863343364306336386432
33363761356665656634663036656265626666613962373532326362316238373062623137363635
63366335356533656136346230333438303432313466636562633766346631393364306239303762
31366463666639303735616364626232323666636362386463316532356639613436306335323538
66303536656664613861636139306330383933393638303231303032356134353836646261303635
66323134656638353261366161306562313237656231353963323834613262633566306262383936
61363966393361666266626161636334313931616464613331343139336333633237313038363938
64323338356566633237346439633366393139353238333934373632636431623064656666333762
31346566613362363265306237396565313534656365326339643766316361363338303536633262
63323630616631316365653638663538323536316266323430343064666539633862323263613265
37623565343833303034343734613665663232666231633665636230643334313135363931346339
62663161626634343232303632343236383137616164313661313862346437383666343831326436
61653933643362336233663730626131393232316263653336393864306263633735396439613433
32323464363533386131356439376231316333656363613233316634373261373234303739663064
39343161643766353039373137626166376665663739663362633164353262303236373162306634
33373264376566363634303265396465656337666361633263666366633165343561316338383861
66323966643066356163623263343232663133383233343035366634336333343933333536313565
37353639343566383962383334646239303438653337313438353061653862616163643130323863
39393766336239656232616232623263656565643438663261383463623438386333393361666639
31613339623637386365666461336465343363613835303238613134303563636233316565363861
37336639396438326333323966373338353339343733376231306631356530356661343335653337
61336434383834366237616235323439306266333636663933313063343039313033336631653461
61626161343737633738633634396337623862666361643530343737313066393262626134303062
31303530363061373238303838623830396132363562396637366661363230623333336231666337
356338633662376431343338616265356435
